/*--------------------------------*- C++ -*----------------------------------*\
  =========                 |
  \\      /  F ield         | OpenFOAM: The Open Source CFD Toolbox
   \\    /   O peration     | Website:  https://openfoam.org
    \\  /    A nd           | Version:  7
     \\/     M anipulation  |
\*---------------------------------------------------------------------------*/
FoamFile
{
    version     2.0;
    format      ascii;
    class       labelList;
    note        "nPoints: 5904 nCells: 2806 nFaces: 11369 nInternalFaces: 5467";
    location    "constant/polyMesh";
    object      owner;
}
// * * * * * * * * * * * * * * * * * * * * * * * * * * * * * * * * * * * * * //


11369
(
0
0
1
1
2
2
3
3
4
4
5
5
6
6
7
7
8
8
9
9
10
10
11
11
12
12
13
13
14
14
15
15
16
16
17
17
18
18
19
19
20
20
21
21
22
23
23
24
24
25
25
26
26
27
27
28
28
29
29
30
30
31
31
32
32
33
33
34
34
35
35
36
36
37
37
38
38
39
39
40
40
41
41
42
42
43
43
44
44
45
46
46
47
47
48
48
49
49
50
50
51
51
52
52
53
53
54
54
55
55
56
56
57
57
58
58
59
59
60
60
61
61
62
62
63
63
64
64
65
65
66
66
67
67
68
69
69
70
70
71
71
72
72
73
73
74
74
75
75
76
76
77
77
78
78
79
79
80
80
81
81
82
82
83
83
84
84
85
85
86
86
87
87
88
88
89
89
90
90
91
92
92
93
93
94
94
95
95
96
96
97
97
98
98
99
99
100
100
101
101
102
102
103
103
104
104
105
105
106
106
107
107
108
108
109
109
110
110
111
111
112
112
113
113
114
115
115
116
116
117
117
118
118
119
119
120
120
121
121
122
122
123
123
124
124
125
125
126
126
127
127
128
128
129
129
130
130
131
131
132
132
133
133
134
134
135
135
136
136
137
138
138
139
139
140
140
141
141
142
142
143
143
144
144
145
145
146
146
147
147
148
148
149
149
150
150
151
151
152
152
153
153
154
154
155
155
156
156
157
157
158
158
159
159
160
161
161
162
162
163
163
164
164
165
165
166
166
167
167
168
168
169
169
170
170
171
171
172
172
173
173
174
174
175
175
176
176
177
177
178
178
179
179
180
180
181
181
182
182
183
184
184
185
185
186
186
187
187
188
188
189
189
190
190
191
191
192
192
193
193
194
194
195
195
196
196
197
197
198
198
199
199
200
200
201
201
202
202
203
203
204
204
205
205
206
207
207
208
208
209
209
210
210
211
211
212
212
213
213
214
214
215
215
216
216
217
217
218
218
219
219
220
220
221
221
222
222
223
223
224
224
225
225
226
226
227
227
228
228
229
230
230
231
231
232
232
233
233
234
234
235
235
236
236
237
237
238
238
239
239
240
240
241
241
242
242
243
243
244
244
245
245
246
246
247
247
248
248
249
249
250
250
251
251
252
253
253
254
254
255
255
256
256
257
257
258
258
259
259
260
260
261
261
262
262
263
263
264
264
265
265
266
266
267
267
268
268
269
269
270
270
271
271
272
272
273
273
274
274
275
276
276
277
277
278
278
279
279
280
280
281
281
282
282
283
283
284
284
285
285
286
286
287
287
288
288
289
289
290
290
291
291
292
292
293
293
294
294
295
295
296
296
297
297
298
299
299
300
300
301
301
302
302
303
303
304
304
305
305
306
306
307
307
308
308
309
309
310
310
311
311
312
312
313
313
314
314
315
315
316
316
317
317
318
318
319
319
320
320
321
322
322
323
323
324
324
325
325
326
326
327
327
328
328
329
329
330
330
331
331
332
332
333
333
334
334
335
335
336
336
337
337
338
338
339
339
340
340
341
341
342
342
343
343
344
345
345
346
346
347
347
348
348
349
349
350
350
351
351
352
352
353
353
354
354
355
355
356
356
357
357
358
358
359
359
360
360
361
361
362
362
363
363
364
364
365
365
366
366
367
368
368
369
369
370
370
371
371
372
372
373
373
374
374
375
375
376
376
377
377
378
378
379
379
380
380
381
381
382
382
383
383
384
384
385
385
386
386
387
387
388
388
389
389
390
391
391
392
392
393
393
394
394
395
395
396
396
397
397
398
398
399
399
400
400
401
401
402
402
403
403
404
404
405
405
406
406
407
407
408
408
409
409
410
410
411
411
412
412
413
414
414
415
415
416
416
417
417
418
418
419
419
420
420
421
421
422
422
423
423
424
424
425
425
426
426
427
427
428
428
429
429
430
430
431
431
432
432
433
433
434
434
435
435
436
437
437
438
438
439
439
440
440
441
441
442
442
443
443
444
444
445
445
446
446
447
447
448
448
449
449
450
450
451
451
452
452
453
453
454
454
455
455
456
456
457
457
458
458
459
460
460
461
461
462
462
463
463
464
464
465
465
466
466
467
467
468
468
469
469
470
470
471
471
472
472
473
473
474
474
475
475
476
476
477
477
478
478
479
479
480
480
481
481
482
483
483
484
484
485
485
486
486
487
487
488
488
489
489
490
490
491
491
492
492
493
493
494
494
495
495
496
496
497
497
498
498
499
499
500
500
501
501
502
502
503
503
504
504
505
506
506
507
507
508
508
509
509
510
510
511
511
512
512
513
513
514
514
515
515
516
516
517
517
518
518
519
519
520
520
521
521
522
522
523
523
524
524
525
525
526
526
527
527
528
529
529
530
530
531
531
532
532
533
533
534
534
535
535
536
536
537
537
538
538
539
539
540
540
541
541
542
542
543
543
544
544
545
545
546
546
547
547
548
548
549
549
550
550
551
552
552
553
553
554
554
555
555
556
556
557
557
558
558
559
559
560
560
561
561
562
562
563
563
564
564
565
565
566
566
567
567
568
568
569
569
570
570
571
571
572
572
573
573
574
575
575
576
576
577
577
578
578
579
579
580
580
581
581
582
582
583
583
584
584
585
585
586
586
587
587
588
588
589
589
590
590
591
591
592
592
593
593
594
594
595
595
596
596
597
598
598
599
599
600
600
601
601
602
602
603
603
604
604
605
605
606
606
607
607
608
608
609
609
610
610
611
611
612
612
613
613
614
614
615
615
616
616
617
617
618
618
619
619
620
621
621
622
622
623
623
624
624
625
625
626
626
627
627
628
628
629
629
630
630
631
631
632
632
633
633
634
634
635
635
636
636
637
637
638
638
639
639
640
640
641
641
642
642
643
644
644
645
645
646
646
647
647
648
648
649
649
650
650
651
651
652
652
653
653
654
654
655
655
656
656
657
657
658
658
659
659
660
660
661
661
662
662
663
663
664
664
665
665
666
667
667
668
668
669
669
670
670
671
671
672
672
673
673
674
674
675
675
676
676
677
677
678
678
679
679
680
680
681
681
682
682
683
683
684
684
685
685
686
686
687
687
688
688
689
690
690
691
691
692
692
693
693
694
694
695
695
696
696
697
697
698
698
699
699
700
700
701
701
702
702
703
703
704
704
705
705
706
706
707
707
708
708
709
709
710
710
711
711
712
713
713
714
714
715
715
716
716
717
717
718
718
719
719
720
720
721
721
722
722
723
723
724
724
725
725
726
726
727
727
728
728
729
729
730
730
731
731
732
732
733
733
734
734
735
736
736
737
737
738
738
739
739
740
740
741
741
742
742
743
743
744
744
745
745
746
746
747
747
748
748
749
749
750
750
751
751
752
752
753
753
754
754
755
755
756
756
757
757
758
759
759
760
760
761
761
762
762
763
763
764
764
765
765
766
766
767
767
768
768
769
769
770
770
771
771
772
772
773
773
774
774
775
775
776
776
777
777
778
778
779
779
780
780
781
782
782
783
783
784
784
785
785
786
786
787
787
788
788
789
789
790
790
791
791
792
792
793
793
794
794
795
795
796
796
797
797
798
798
799
799
800
800
801
801
802
802
803
803
804
805
805
806
806
807
807
808
808
809
809
810
810
811
811
812
812
813
813
814
814
815
815
816
816
817
817
818
818
819
819
820
820
821
821
822
822
823
823
824
824
825
825
826
826
827
828
828
829
829
830
830
831
831
832
832
833
833
834
834
835
835
836
836
837
837
838
838
839
839
840
840
841
841
842
842
843
843
844
844
845
845
846
846
847
847
848
848
849
849
850
851
851
852
852
853
853
854
854
855
855
856
856
857
857
858
858
859
859
860
860
861
861
862
862
863
863
864
864
865
865
866
866
867
867
868
868
869
869
870
870
871
871
872
872
873
874
874
875
875
876
876
877
877
878
878
879
879
880
880
881
881
882
882
883
883
884
884
885
885
886
886
887
887
888
888
889
889
890
890
891
891
892
892
893
893
894
894
895
895
896
897
897
898
898
899
899
900
900
901
901
902
902
903
903
904
904
905
905
906
906
907
907
908
908
909
909
910
910
911
911
912
912
913
913
914
914
915
915
916
916
917
917
918
918
919
920
920
921
921
922
922
923
923
924
924
925
925
926
926
927
927
928
928
929
929
930
930
931
931
932
932
933
933
934
934
935
935
936
936
937
937
938
938
939
939
940
940
941
941
942
943
943
944
944
945
945
946
946
947
947
948
948
949
949
950
950
951
951
952
952
953
953
954
954
955
955
956
956
957
957
958
958
959
959
960
960
961
961
962
962
963
963
964
964
965
966
966
967
967
968
968
969
969
970
970
971
971
972
972
973
973
974
974
975
975
976
976
977
977
978
978
979
979
980
980
981
981
982
982
983
983
984
984
985
985
986
986
987
987
988
989
989
990
990
991
991
992
992
993
993
994
994
995
995
996
996
997
997
998
998
999
999
1000
1000
1001
1001
1002
1002
1003
1003
1004
1004
1005
1005
1006
1006
1007
1007
1008
1008
1009
1009
1010
1010
1011
1012
1012
1013
1013
1014
1014
1015
1015
1016
1016
1017
1017
1018
1018
1019
1019
1020
1020
1021
1021
1022
1022
1023
1023
1024
1024
1025
1025
1026
1026
1027
1027
1028
1028
1029
1029
1030
1030
1031
1031
1032
1032
1033
1033
1034
1035
1035
1036
1036
1037
1037
1038
1038
1039
1039
1040
1040
1041
1041
1042
1042
1043
1043
1044
1044
1045
1045
1046
1046
1047
1047
1048
1048
1049
1049
1050
1050
1051
1051
1052
1052
1053
1053
1054
1054
1055
1055
1056
1056
1057
1058
1058
1059
1059
1060
1060
1061
1061
1062
1062
1063
1063
1064
1064
1065
1065
1066
1066
1067
1067
1068
1068
1069
1069
1070
1070
1071
1071
1072
1072
1073
1073
1074
1074
1075
1075
1076
1076
1077
1077
1078
1078
1079
1079
1080
1081
1081
1082
1082
1083
1083
1084
1084
1085
1085
1086
1086
1087
1087
1088
1088
1089
1089
1090
1090
1091
1091
1092
1092
1093
1093
1094
1094
1095
1095
1096
1096
1097
1097
1098
1098
1099
1099
1100
1100
1101
1101
1102
1102
1103
1104
1104
1105
1105
1106
1106
1107
1107
1108
1108
1109
1109
1110
1110
1111
1111
1112
1112
1113
1113
1114
1114
1115
1115
1116
1116
1117
1117
1118
1118
1119
1119
1120
1120
1121
1121
1122
1122
1123
1123
1124
1124
1125
1125
1126
1127
1127
1128
1128
1129
1129
1130
1130
1131
1131
1132
1132
1133
1133
1134
1134
1135
1135
1136
1136
1137
1137
1138
1138
1139
1139
1140
1140
1141
1141
1142
1142
1143
1143
1144
1144
1145
1145
1146
1146
1147
1147
1148
1148
1149
1150
1150
1151
1151
1152
1152
1153
1153
1154
1154
1155
1155
1156
1156
1157
1157
1158
1158
1159
1159
1160
1160
1161
1161
1162
1162
1163
1163
1164
1164
1165
1165
1166
1166
1167
1167
1168
1168
1169
1169
1170
1170
1171
1171
1172
1173
1173
1174
1174
1175
1175
1176
1176
1177
1177
1178
1178
1179
1179
1180
1180
1181
1181
1182
1182
1183
1183
1184
1184
1185
1185
1186
1186
1187
1187
1188
1188
1189
1189
1190
1190
1191
1191
1192
1192
1193
1193
1194
1194
1195
1196
1196
1197
1197
1198
1198
1199
1199
1200
1200
1201
1201
1202
1202
1203
1203
1204
1204
1205
1205
1206
1206
1207
1207
1208
1208
1209
1209
1210
1210
1211
1211
1212
1212
1213
1213
1214
1214
1215
1215
1216
1216
1217
1217
1218
1219
1219
1220
1220
1221
1221
1222
1222
1223
1223
1224
1224
1225
1225
1226
1226
1227
1227
1228
1228
1229
1229
1230
1230
1231
1231
1232
1232
1233
1233
1234
1234
1235
1235
1236
1236
1237
1237
1238
1238
1239
1239
1240
1240
1241
1242
1242
1243
1243
1244
1244
1245
1245
1246
1246
1247
1247
1248
1248
1249
1249
1250
1250
1251
1251
1252
1252
1253
1253
1254
1254
1255
1255
1256
1256
1257
1257
1258
1258
1259
1259
1260
1260
1261
1261
1262
1262
1263
1263
1264
1265
1265
1266
1266
1267
1267
1268
1268
1269
1269
1270
1270
1271
1271
1272
1272
1273
1273
1274
1274
1275
1275
1276
1276
1277
1277
1278
1278
1279
1279
1280
1280
1281
1281
1282
1282
1283
1283
1284
1284
1285
1285
1286
1286
1287
1288
1288
1289
1289
1290
1290
1291
1291
1292
1292
1293
1293
1294
1294
1295
1295
1296
1296
1297
1297
1298
1298
1299
1299
1300
1300
1301
1301
1302
1302
1303
1303
1304
1304
1305
1305
1306
1306
1307
1307
1308
1308
1309
1309
1310
1311
1311
1312
1312
1313
1313
1314
1314
1315
1315
1316
1316
1317
1317
1318
1318
1319
1319
1320
1320
1321
1321
1322
1322
1323
1323
1324
1324
1325
1325
1326
1326
1327
1327
1328
1328
1329
1329
1330
1330
1331
1331
1332
1332
1333
1334
1334
1335
1335
1336
1336
1337
1337
1338
1338
1339
1339
1340
1340
1341
1341
1342
1342
1343
1343
1344
1344
1345
1345
1346
1346
1347
1347
1348
1348
1349
1349
1350
1350
1351
1351
1352
1352
1353
1353
1354
1354
1355
1355
1356
1357
1357
1358
1358
1359
1359
1360
1360
1361
1361
1362
1362
1363
1363
1364
1364
1365
1365
1366
1366
1367
1367
1368
1368
1369
1369
1370
1370
1371
1371
1372
1372
1373
1373
1374
1374
1375
1375
1376
1376
1377
1377
1378
1378
1379
1380
1380
1381
1381
1382
1382
1383
1383
1384
1384
1385
1385
1386
1386
1387
1387
1388
1388
1389
1389
1390
1390
1391
1391
1392
1392
1393
1393
1394
1394
1395
1395
1396
1396
1397
1397
1398
1398
1399
1399
1400
1400
1401
1401
1402
1403
1403
1404
1404
1405
1405
1406
1406
1407
1407
1408
1408
1409
1409
1410
1410
1411
1411
1412
1412
1413
1413
1414
1414
1415
1415
1416
1416
1417
1417
1418
1418
1419
1419
1420
1420
1421
1421
1422
1422
1423
1423
1424
1424
1425
1426
1426
1427
1427
1428
1428
1429
1429
1430
1430
1431
1431
1432
1432
1433
1433
1434
1434
1435
1435
1436
1436
1437
1437
1438
1438
1439
1439
1440
1440
1441
1441
1442
1442
1443
1443
1444
1444
1445
1445
1446
1446
1447
1447
1448
1449
1449
1450
1450
1451
1451
1452
1452
1453
1453
1454
1454
1455
1455
1456
1456
1457
1457
1458
1458
1459
1459
1460
1460
1461
1461
1462
1462
1463
1463
1464
1464
1465
1465
1466
1466
1467
1467
1468
1468
1469
1469
1470
1470
1471
1472
1472
1473
1473
1474
1474
1475
1475
1476
1476
1477
1477
1478
1478
1479
1479
1480
1480
1481
1481
1482
1482
1483
1483
1484
1484
1485
1485
1486
1486
1487
1487
1488
1488
1489
1489
1490
1490
1491
1491
1492
1492
1493
1493
1494
1495
1495
1496
1496
1497
1497
1498
1498
1499
1499
1500
1500
1501
1501
1502
1502
1503
1503
1504
1504
1505
1505
1506
1506
1507
1507
1508
1508
1509
1509
1510
1510
1511
1511
1512
1512
1513
1513
1514
1514
1515
1515
1516
1516
1517
1518
1518
1519
1519
1520
1520
1521
1521
1522
1522
1523
1523
1524
1524
1525
1525
1526
1526
1527
1527
1528
1528
1529
1529
1530
1530
1531
1531
1532
1532
1533
1533
1534
1534
1535
1535
1536
1536
1537
1537
1538
1538
1539
1539
1540
1541
1541
1542
1542
1543
1543
1544
1544
1545
1545
1546
1546
1547
1547
1548
1548
1549
1549
1550
1550
1551
1551
1552
1552
1553
1553
1554
1554
1555
1555
1556
1556
1557
1557
1558
1558
1559
1559
1560
1560
1561
1561
1562
1562
1563
1564
1564
1565
1565
1566
1566
1567
1567
1568
1568
1569
1569
1570
1570
1571
1571
1572
1572
1573
1573
1574
1574
1575
1575
1576
1576
1577
1577
1578
1578
1579
1579
1580
1580
1581
1581
1582
1582
1583
1583
1584
1584
1585
1585
1586
1587
1587
1588
1588
1589
1589
1590
1590
1591
1591
1592
1592
1593
1593
1594
1594
1595
1595
1596
1596
1597
1597
1598
1598
1599
1599
1600
1600
1601
1601
1602
1602
1603
1603
1604
1604
1605
1605
1606
1606
1607
1607
1608
1608
1609
1610
1610
1611
1611
1612
1612
1613
1613
1614
1614
1615
1615
1616
1616
1617
1617
1618
1618
1619
1619
1620
1620
1621
1621
1622
1622
1623
1623
1624
1624
1625
1625
1626
1626
1627
1627
1628
1628
1629
1629
1630
1630
1631
1631
1632
1633
1633
1634
1634
1635
1635
1636
1636
1637
1637
1638
1638
1639
1639
1640
1640
1641
1641
1642
1642
1643
1643
1644
1644
1645
1645
1646
1646
1647
1647
1648
1648
1649
1649
1650
1650
1651
1651
1652
1652
1653
1653
1654
1654
1655
1656
1656
1657
1657
1658
1658
1659
1659
1660
1660
1661
1661
1662
1662
1663
1663
1664
1664
1665
1665
1666
1666
1667
1667
1668
1668
1669
1669
1670
1670
1671
1671
1672
1672
1673
1673
1674
1674
1675
1675
1676
1676
1677
1677
1678
1679
1679
1680
1680
1681
1681
1682
1682
1683
1683
1684
1684
1685
1685
1686
1686
1687
1687
1688
1688
1689
1689
1690
1690
1691
1691
1692
1692
1693
1693
1694
1694
1695
1695
1696
1696
1697
1697
1698
1698
1699
1699
1700
1700
1701
1702
1702
1703
1703
1704
1704
1705
1705
1706
1706
1707
1707
1708
1708
1709
1709
1710
1710
1711
1711
1712
1712
1713
1713
1714
1714
1715
1715
1716
1716
1717
1717
1718
1718
1719
1719
1720
1720
1721
1721
1722
1722
1723
1723
1724
1725
1725
1726
1726
1727
1727
1728
1728
1729
1729
1730
1730
1731
1731
1732
1732
1733
1733
1734
1734
1735
1735
1736
1736
1737
1737
1738
1738
1739
1739
1740
1740
1741
1741
1742
1742
1743
1743
1744
1744
1745
1745
1746
1746
1747
1748
1748
1749
1749
1750
1750
1751
1751
1752
1752
1753
1753
1754
1754
1755
1755
1756
1756
1757
1757
1758
1758
1759
1759
1760
1760
1761
1761
1762
1762
1763
1763
1764
1764
1765
1765
1766
1766
1767
1767
1768
1768
1769
1769
1770
1771
1771
1772
1772
1773
1773
1774
1774
1775
1775
1776
1776
1777
1777
1778
1778
1779
1779
1780
1780
1781
1781
1782
1782
1783
1783
1784
1784
1785
1785
1786
1786
1787
1787
1788
1788
1789
1789
1790
1790
1791
1791
1792
1792
1793
1794
1794
1795
1795
1796
1796
1797
1797
1798
1798
1799
1799
1800
1800
1801
1801
1802
1802
1803
1803
1804
1804
1805
1805
1806
1806
1807
1807
1808
1808
1809
1809
1810
1810
1811
1811
1812
1812
1813
1813
1814
1814
1815
1815
1816
1817
1817
1818
1818
1819
1819
1820
1820
1821
1821
1822
1822
1823
1823
1824
1824
1825
1825
1826
1826
1827
1827
1828
1828
1829
1829
1830
1830
1831
1831
1832
1832
1833
1833
1834
1834
1835
1835
1836
1836
1837
1837
1838
1838
1839
1840
1840
1841
1841
1842
1842
1843
1843
1844
1844
1845
1845
1846
1846
1847
1847
1848
1848
1849
1849
1850
1850
1851
1851
1852
1852
1853
1853
1854
1854
1855
1855
1856
1856
1857
1857
1858
1858
1859
1859
1860
1860
1861
1861
1862
1863
1863
1864
1864
1865
1865
1866
1866
1867
1867
1868
1868
1869
1869
1870
1870
1871
1871
1872
1872
1873
1873
1874
1874
1875
1875
1876
1876
1877
1877
1878
1878
1879
1879
1880
1880
1881
1881
1882
1882
1883
1883
1884
1884
1885
1886
1886
1887
1887
1888
1888
1889
1889
1890
1890
1891
1891
1892
1892
1893
1893
1894
1894
1895
1895
1896
1896
1897
1897
1898
1898
1899
1899
1900
1900
1901
1901
1902
1902
1903
1903
1904
1904
1905
1905
1906
1906
1907
1907
1908
1909
1909
1910
1910
1911
1911
1912
1912
1913
1913
1914
1914
1915
1915
1916
1916
1917
1917
1918
1918
1919
1919
1920
1920
1921
1921
1922
1922
1923
1923
1924
1924
1925
1925
1926
1926
1927
1927
1928
1928
1929
1929
1930
1930
1931
1932
1932
1933
1933
1934
1934
1935
1935
1936
1936
1937
1937
1938
1938
1939
1939
1940
1940
1941
1941
1942
1942
1943
1943
1944
1944
1945
1945
1946
1946
1947
1947
1948
1948
1949
1949
1950
1950
1951
1951
1952
1952
1953
1953
1954
1955
1955
1956
1956
1957
1957
1958
1958
1959
1959
1960
1960
1961
1961
1962
1962
1963
1963
1964
1964
1965
1965
1966
1966
1967
1967
1968
1968
1969
1969
1970
1970
1971
1971
1972
1972
1973
1973
1974
1974
1975
1975
1976
1976
1977
1978
1978
1979
1979
1980
1980
1981
1981
1982
1982
1983
1983
1984
1984
1985
1985
1986
1986
1987
1987
1988
1988
1989
1989
1990
1990
1991
1991
1992
1992
1993
1993
1994
1994
1995
1995
1996
1996
1997
1997
1998
1998
1999
1999
2000
2001
2001
2002
2002
2003
2003
2004
2004
2005
2005
2006
2006
2007
2007
2008
2008
2009
2009
2010
2010
2011
2011
2012
2012
2013
2013
2014
2014
2015
2015
2016
2016
2017
2017
2018
2018
2019
2019
2020
2020
2021
2021
2022
2022
2023
2024
2024
2025
2025
2026
2026
2027
2027
2028
2028
2029
2029
2030
2030
2031
2031
2032
2032
2033
2033
2034
2034
2035
2035
2036
2036
2037
2037
2038
2038
2039
2039
2040
2040
2041
2041
2042
2042
2043
2043
2044
2044
2045
2045
2046
2047
2047
2048
2048
2049
2049
2050
2050
2051
2051
2052
2052
2053
2053
2054
2054
2055
2055
2056
2056
2057
2057
2058
2058
2059
2059
2060
2060
2061
2061
2062
2062
2063
2063
2064
2064
2065
2065
2066
2066
2067
2067
2068
2068
2069
2070
2070
2071
2071
2072
2072
2073
2073
2074
2074
2075
2075
2076
2076
2077
2077
2078
2078
2079
2079
2080
2080
2081
2081
2082
2082
2083
2083
2084
2084
2085
2085
2086
2086
2087
2087
2088
2088
2089
2089
2090
2090
2091
2091
2092
2093
2093
2094
2094
2095
2095
2096
2096
2097
2097
2098
2098
2099
2099
2100
2100
2101
2101
2102
2102
2103
2103
2104
2104
2105
2105
2106
2106
2107
2107
2108
2108
2109
2109
2110
2110
2111
2111
2112
2112
2113
2113
2114
2114
2115
2116
2116
2117
2117
2118
2118
2119
2119
2120
2120
2121
2121
2122
2122
2123
2123
2124
2124
2125
2125
2126
2126
2127
2127
2128
2128
2129
2129
2130
2130
2131
2131
2132
2132
2133
2133
2134
2134
2135
2135
2136
2136
2137
2137
2138
2139
2139
2140
2140
2141
2141
2142
2142
2143
2143
2144
2144
2145
2145
2146
2146
2147
2147
2148
2148
2149
2149
2150
2150
2151
2151
2152
2152
2153
2153
2154
2154
2155
2155
2156
2156
2157
2157
2158
2158
2159
2159
2160
2160
2161
2162
2162
2163
2163
2164
2164
2165
2165
2166
2166
2167
2167
2168
2168
2169
2169
2170
2170
2171
2171
2172
2172
2173
2173
2174
2174
2175
2175
2176
2176
2177
2177
2178
2178
2179
2179
2180
2180
2181
2181
2182
2182
2183
2183
2184
2185
2185
2186
2186
2187
2187
2188
2188
2189
2189
2190
2190
2191
2191
2192
2192
2193
2193
2194
2194
2195
2195
2196
2196
2197
2197
2198
2198
2199
2199
2200
2200
2201
2201
2202
2202
2203
2203
2204
2204
2205
2205
2206
2206
2207
2208
2208
2209
2209
2210
2210
2211
2211
2212
2212
2213
2213
2214
2214
2215
2215
2216
2216
2217
2217
2218
2218
2219
2219
2220
2220
2221
2221
2222
2222
2223
2223
2224
2224
2225
2225
2226
2226
2227
2227
2228
2228
2229
2229
2230
2231
2231
2232
2232
2233
2233
2234
2234
2235
2235
2236
2236
2237
2237
2238
2238
2239
2239
2240
2240
2241
2241
2242
2242
2243
2243
2244
2244
2245
2245
2246
2246
2247
2247
2248
2248
2249
2249
2250
2250
2251
2251
2252
2252
2253
2254
2254
2255
2255
2256
2256
2257
2257
2258
2258
2259
2259
2260
2260
2261
2261
2262
2262
2263
2263
2264
2264
2265
2265
2266
2266
2267
2267
2268
2268
2269
2269
2270
2270
2271
2271
2272
2272
2273
2273
2274
2274
2275
2275
2276
2277
2277
2278
2278
2279
2279
2280
2280
2281
2281
2282
2282
2283
2283
2284
2284
2285
2285
2286
2286
2287
2287
2288
2288
2289
2289
2290
2290
2291
2291
2292
2292
2293
2293
2294
2294
2295
2295
2296
2296
2297
2297
2298
2298
2299
2300
2300
2301
2301
2302
2302
2303
2303
2304
2304
2305
2305
2306
2306
2307
2307
2308
2308
2309
2309
2310
2310
2311
2311
2312
2312
2313
2313
2314
2314
2315
2315
2316
2316
2317
2317
2318
2318
2319
2319
2320
2320
2321
2321
2322
2323
2323
2324
2324
2325
2325
2326
2326
2327
2327
2328
2328
2329
2329
2330
2330
2331
2331
2332
2332
2333
2333
2334
2334
2335
2335
2336
2336
2337
2337
2338
2338
2339
2339
2340
2340
2341
2341
2342
2342
2343
2343
2344
2344
2345
2346
2346
2347
2347
2348
2348
2349
2349
2350
2350
2351
2351
2352
2352
2353
2353
2354
2354
2355
2355
2356
2356
2357
2357
2358
2358
2359
2359
2360
2360
2361
2361
2362
2362
2363
2363
2364
2364
2365
2365
2366
2366
2367
2367
2368
2369
2369
2370
2370
2371
2371
2372
2372
2373
2373
2374
2374
2375
2375
2376
2376
2377
2377
2378
2378
2379
2379
2380
2380
2381
2381
2382
2382
2383
2383
2384
2384
2385
2385
2386
2386
2387
2387
2388
2388
2389
2389
2390
2390
2391
2392
2392
2393
2393
2394
2394
2395
2395
2396
2396
2397
2397
2398
2398
2399
2399
2400
2400
2401
2401
2402
2402
2403
2403
2404
2404
2405
2405
2406
2406
2407
2407
2408
2408
2409
2409
2410
2410
2411
2411
2412
2412
2413
2413
2414
2415
2415
2416
2416
2417
2417
2418
2418
2419
2419
2420
2420
2421
2421
2422
2422
2423
2423
2424
2424
2425
2425
2426
2426
2427
2427
2428
2428
2429
2429
2430
2430
2431
2431
2432
2432
2433
2433
2434
2434
2435
2435
2436
2436
2437
2438
2438
2439
2439
2440
2440
2441
2441
2442
2442
2443
2443
2444
2444
2445
2445
2446
2446
2447
2447
2448
2448
2449
2449
2450
2450
2451
2451
2452
2452
2453
2453
2454
2454
2455
2455
2456
2456
2457
2457
2458
2458
2459
2459
2460
2461
2461
2462
2462
2463
2463
2464
2464
2465
2465
2466
2466
2467
2467
2468
2468
2469
2469
2470
2470
2471
2471
2472
2472
2473
2473
2474
2474
2475
2475
2476
2476
2477
2477
2478
2478
2479
2479
2480
2480
2481
2481
2482
2482
2483
2484
2484
2485
2485
2486
2486
2487
2487
2488
2488
2489
2489
2490
2490
2491
2491
2492
2492
2493
2493
2494
2494
2495
2495
2496
2496
2497
2497
2498
2498
2499
2499
2500
2500
2501
2501
2502
2502
2503
2503
2504
2504
2505
2505
2506
2507
2507
2508
2508
2509
2509
2510
2510
2511
2511
2512
2512
2513
2513
2514
2514
2515
2515
2516
2516
2517
2517
2518
2518
2519
2519
2520
2520
2521
2521
2522
2522
2523
2523
2524
2524
2525
2525
2526
2526
2527
2527
2528
2528
2529
2530
2530
2531
2531
2532
2532
2533
2533
2534
2534
2535
2535
2536
2536
2537
2537
2538
2538
2539
2539
2540
2540
2541
2541
2542
2542
2543
2543
2544
2544
2545
2545
2546
2546
2547
2547
2548
2548
2549
2549
2550
2550
2551
2551
2552
2553
2553
2554
2554
2555
2555
2556
2556
2557
2557
2558
2558
2559
2559
2560
2560
2561
2561
2562
2562
2563
2563
2564
2564
2565
2565
2566
2566
2567
2567
2568
2568
2569
2569
2570
2570
2571
2571
2572
2572
2573
2573
2574
2574
2575
2576
2576
2577
2577
2578
2578
2579
2579
2580
2580
2581
2581
2582
2582
2583
2583
2584
2584
2585
2585
2586
2586
2587
2587
2588
2588
2589
2589
2590
2590
2591
2591
2592
2592
2593
2593
2594
2594
2595
2595
2596
2596
2597
2597
2598
2599
2599
2600
2600
2601
2601
2602
2602
2603
2603
2604
2604
2605
2605
2606
2606
2607
2607
2608
2608
2609
2609
2610
2610
2611
2611
2612
2612
2613
2613
2614
2614
2615
2615
2616
2616
2617
2617
2618
2618
2619
2619
2620
2620
2621
2622
2622
2623
2623
2624
2624
2625
2625
2626
2626
2627
2627
2628
2628
2629
2629
2630
2630
2631
2631
2632
2632
2633
2633
2634
2634
2635
2635
2636
2636
2637
2637
2638
2638
2639
2639
2640
2640
2641
2641
2642
2642
2643
2643
2644
2645
2645
2646
2646
2647
2647
2648
2648
2649
2649
2650
2650
2651
2651
2652
2652
2653
2653
2654
2654
2655
2655
2656
2656
2657
2657
2658
2658
2659
2659
2660
2660
2661
2661
2662
2662
2663
2663
2664
2664
2665
2665
2666
2666
2667
2668
2668
2669
2669
2670
2670
2671
2671
2672
2672
2673
2673
2674
2674
2675
2675
2676
2676
2677
2677
2678
2678
2679
2679
2680
2680
2681
2681
2682
2682
2683
2683
2684
2684
2685
2685
2686
2686
2687
2687
2688
2688
2689
2689
2690
2691
2691
2692
2692
2693
2693
2694
2694
2695
2695
2696
2696
2697
2697
2698
2698
2699
2699
2700
2700
2701
2701
2702
2702
2703
2703
2704
2704
2705
2705
2706
2706
2707
2707
2708
2708
2709
2709
2710
2710
2711
2711
2712
2712
2713
2714
2714
2715
2715
2716
2716
2717
2717
2718
2718
2719
2719
2720
2720
2721
2721
2722
2722
2723
2723
2724
2724
2725
2725
2726
2726
2727
2727
2728
2728
2729
2729
2730
2730
2731
2731
2732
2732
2733
2733
2734
2734
2735
2735
2736
2737
2737
2738
2738
2739
2739
2740
2740
2741
2741
2742
2742
2743
2743
2744
2744
2745
2745
2746
2746
2747
2747
2748
2748
2749
2749
2750
2750
2751
2751
2752
2752
2753
2753
2754
2754
2755
2755
2756
2756
2757
2757
2758
2758
2759
2760
2760
2761
2761
2762
2762
2763
2763
2764
2764
2765
2765
2766
2766
2767
2767
2768
2768
2769
2769
2770
2770
2771
2771
2772
2772
2773
2773
2774
2774
2775
2775
2776
2776
2777
2777
2778
2778
2779
2779
2780
2780
2781
2781
2782
2783
2784
2785
2786
2787
2788
2789
2790
2791
2792
2793
2794
2795
2796
2797
2798
2799
2800
2801
2802
2803
2804
0
1
2
3
4
5
6
7
8
9
10
11
12
13
14
15
16
17
18
19
20
21
22
2783
2784
2785
2786
2787
2788
2789
2790
2791
2792
2793
2794
2795
2796
2797
2798
2799
2800
2801
2802
2803
2804
2805
0
23
46
69
92
115
138
161
184
207
230
253
276
299
322
345
368
391
414
437
460
483
506
529
552
575
598
621
644
667
690
713
736
759
782
805
828
851
874
897
920
943
966
989
1012
1035
1058
1081
1104
1127
1150
1173
1196
1219
1242
1265
1288
1311
1334
1357
1380
1403
1426
1449
1472
1495
1518
1541
1564
1587
1610
1633
1656
1679
1702
1725
1748
1771
1794
1817
1840
1863
1886
1909
1932
1955
1978
2001
2024
2047
2070
2093
2116
2139
2162
2185
2208
2231
2254
2277
2300
2323
2346
2369
2392
2415
2438
2461
2484
2507
2530
2553
2576
2599
2622
2645
2668
2691
2714
2737
2760
2783
22
45
68
91
114
137
160
183
206
229
252
275
298
321
344
367
390
413
436
459
482
505
528
551
574
597
620
643
666
689
712
735
758
781
804
827
850
873
896
919
942
965
988
1011
1034
1057
1080
1103
1126
1149
1172
1195
1218
1241
1264
1287
1310
1333
1356
1379
1402
1425
1448
1471
1494
1517
1540
1563
1586
1609
1632
1655
1678
1701
1724
1747
1770
1793
1816
1839
1862
1885
1908
1931
1954
1977
2000
2023
2046
2069
2092
2115
2138
2161
2184
2207
2230
2253
2276
2299
2322
2345
2368
2391
2414
2437
2460
2483
2506
2529
2552
2575
2598
2621
2644
2667
2690
2713
2736
2759
2782
2805
0
23
46
69
92
115
138
161
184
207
230
253
276
299
322
345
368
391
414
437
460
483
506
529
552
575
598
621
644
667
690
713
736
759
782
805
828
851
874
897
920
943
966
989
1012
1035
1058
1081
1104
1127
1150
1173
1196
1219
1242
1265
1288
1311
1334
1357
1380
1403
1426
1449
1472
1495
1518
1541
1564
1587
1610
1633
1656
1679
1702
1725
1748
1771
1794
1817
1840
1863
1886
1909
1932
1955
1978
2001
2024
2047
2070
2093
2116
2139
2162
2185
2208
2231
2254
2277
2300
2323
2346
2369
2392
2415
2438
2461
2484
2507
2530
2553
2576
2599
2622
2645
2668
2691
2714
2737
2760
2783
1
24
47
70
93
116
139
162
185
208
231
254
277
300
323
346
369
392
415
438
461
484
507
530
553
576
599
622
645
668
691
714
737
760
783
806
829
852
875
898
921
944
967
990
1013
1036
1059
1082
1105
1128
1151
1174
1197
1220
1243
1266
1289
1312
1335
1358
1381
1404
1427
1450
1473
1496
1519
1542
1565
1588
1611
1634
1657
1680
1703
1726
1749
1772
1795
1818
1841
1864
1887
1910
1933
1956
1979
2002
2025
2048
2071
2094
2117
2140
2163
2186
2209
2232
2255
2278
2301
2324
2347
2370
2393
2416
2439
2462
2485
2508
2531
2554
2577
2600
2623
2646
2669
2692
2715
2738
2761
2784
2
25
48
71
94
117
140
163
186
209
232
255
278
301
324
347
370
393
416
439
462
485
508
531
554
577
600
623
646
669
692
715
738
761
784
807
830
853
876
899
922
945
968
991
1014
1037
1060
1083
1106
1129
1152
1175
1198
1221
1244
1267
1290
1313
1336
1359
1382
1405
1428
1451
1474
1497
1520
1543
1566
1589
1612
1635
1658
1681
1704
1727
1750
1773
1796
1819
1842
1865
1888
1911
1934
1957
1980
2003
2026
2049
2072
2095
2118
2141
2164
2187
2210
2233
2256
2279
2302
2325
2348
2371
2394
2417
2440
2463
2486
2509
2532
2555
2578
2601
2624
2647
2670
2693
2716
2739
2762
2785
3
26
49
72
95
118
141
164
187
210
233
256
279
302
325
348
371
394
417
440
463
486
509
532
555
578
601
624
647
670
693
716
739
762
785
808
831
854
877
900
923
946
969
992
1015
1038
1061
1084
1107
1130
1153
1176
1199
1222
1245
1268
1291
1314
1337
1360
1383
1406
1429
1452
1475
1498
1521
1544
1567
1590
1613
1636
1659
1682
1705
1728
1751
1774
1797
1820
1843
1866
1889
1912
1935
1958
1981
2004
2027
2050
2073
2096
2119
2142
2165
2188
2211
2234
2257
2280
2303
2326
2349
2372
2395
2418
2441
2464
2487
2510
2533
2556
2579
2602
2625
2648
2671
2694
2717
2740
2763
2786
4
27
50
73
96
119
142
165
188
211
234
257
280
303
326
349
372
395
418
441
464
487
510
533
556
579
602
625
648
671
694
717
740
763
786
809
832
855
878
901
924
947
970
993
1016
1039
1062
1085
1108
1131
1154
1177
1200
1223
1246
1269
1292
1315
1338
1361
1384
1407
1430
1453
1476
1499
1522
1545
1568
1591
1614
1637
1660
1683
1706
1729
1752
1775
1798
1821
1844
1867
1890
1913
1936
1959
1982
2005
2028
2051
2074
2097
2120
2143
2166
2189
2212
2235
2258
2281
2304
2327
2350
2373
2396
2419
2442
2465
2488
2511
2534
2557
2580
2603
2626
2649
2672
2695
2718
2741
2764
2787
5
28
51
74
97
120
143
166
189
212
235
258
281
304
327
350
373
396
419
442
465
488
511
534
557
580
603
626
649
672
695
718
741
764
787
810
833
856
879
902
925
948
971
994
1017
1040
1063
1086
1109
1132
1155
1178
1201
1224
1247
1270
1293
1316
1339
1362
1385
1408
1431
1454
1477
1500
1523
1546
1569
1592
1615
1638
1661
1684
1707
1730
1753
1776
1799
1822
1845
1868
1891
1914
1937
1960
1983
2006
2029
2052
2075
2098
2121
2144
2167
2190
2213
2236
2259
2282
2305
2328
2351
2374
2397
2420
2443
2466
2489
2512
2535
2558
2581
2604
2627
2650
2673
2696
2719
2742
2765
2788
6
29
52
75
98
121
144
167
190
213
236
259
282
305
328
351
374
397
420
443
466
489
512
535
558
581
604
627
650
673
696
719
742
765
788
811
834
857
880
903
926
949
972
995
1018
1041
1064
1087
1110
1133
1156
1179
1202
1225
1248
1271
1294
1317
1340
1363
1386
1409
1432
1455
1478
1501
1524
1547
1570
1593
1616
1639
1662
1685
1708
1731
1754
1777
1800
1823
1846
1869
1892
1915
1938
1961
1984
2007
2030
2053
2076
2099
2122
2145
2168
2191
2214
2237
2260
2283
2306
2329
2352
2375
2398
2421
2444
2467
2490
2513
2536
2559
2582
2605
2628
2651
2674
2697
2720
2743
2766
2789
7
30
53
76
99
122
145
168
191
214
237
260
283
306
329
352
375
398
421
444
467
490
513
536
559
582
605
628
651
674
697
720
743
766
789
812
835
858
881
904
927
950
973
996
1019
1042
1065
1088
1111
1134
1157
1180
1203
1226
1249
1272
1295
1318
1341
1364
1387
1410
1433
1456
1479
1502
1525
1548
1571
1594
1617
1640
1663
1686
1709
1732
1755
1778
1801
1824
1847
1870
1893
1916
1939
1962
1985
2008
2031
2054
2077
2100
2123
2146
2169
2192
2215
2238
2261
2284
2307
2330
2353
2376
2399
2422
2445
2468
2491
2514
2537
2560
2583
2606
2629
2652
2675
2698
2721
2744
2767
2790
8
31
54
77
100
123
146
169
192
215
238
261
284
307
330
353
376
399
422
445
468
491
514
537
560
583
606
629
652
675
698
721
744
767
790
813
836
859
882
905
928
951
974
997
1020
1043
1066
1089
1112
1135
1158
1181
1204
1227
1250
1273
1296
1319
1342
1365
1388
1411
1434
1457
1480
1503
1526
1549
1572
1595
1618
1641
1664
1687
1710
1733
1756
1779
1802
1825
1848
1871
1894
1917
1940
1963
1986
2009
2032
2055
2078
2101
2124
2147
2170
2193
2216
2239
2262
2285
2308
2331
2354
2377
2400
2423
2446
2469
2492
2515
2538
2561
2584
2607
2630
2653
2676
2699
2722
2745
2768
2791
9
32
55
78
101
124
147
170
193
216
239
262
285
308
331
354
377
400
423
446
469
492
515
538
561
584
607
630
653
676
699
722
745
768
791
814
837
860
883
906
929
952
975
998
1021
1044
1067
1090
1113
1136
1159
1182
1205
1228
1251
1274
1297
1320
1343
1366
1389
1412
1435
1458
1481
1504
1527
1550
1573
1596
1619
1642
1665
1688
1711
1734
1757
1780
1803
1826
1849
1872
1895
1918
1941
1964
1987
2010
2033
2056
2079
2102
2125
2148
2171
2194
2217
2240
2263
2286
2309
2332
2355
2378
2401
2424
2447
2470
2493
2516
2539
2562
2585
2608
2631
2654
2677
2700
2723
2746
2769
2792
10
33
56
79
102
125
148
171
194
217
240
263
286
309
332
355
378
401
424
447
470
493
516
539
562
585
608
631
654
677
700
723
746
769
792
815
838
861
884
907
930
953
976
999
1022
1045
1068
1091
1114
1137
1160
1183
1206
1229
1252
1275
1298
1321
1344
1367
1390
1413
1436
1459
1482
1505
1528
1551
1574
1597
1620
1643
1666
1689
1712
1735
1758
1781
1804
1827
1850
1873
1896
1919
1942
1965
1988
2011
2034
2057
2080
2103
2126
2149
2172
2195
2218
2241
2264
2287
2310
2333
2356
2379
2402
2425
2448
2471
2494
2517
2540
2563
2586
2609
2632
2655
2678
2701
2724
2747
2770
2793
11
34
57
80
103
126
149
172
195
218
241
264
287
310
333
356
379
402
425
448
471
494
517
540
563
586
609
632
655
678
701
724
747
770
793
816
839
862
885
908
931
954
977
1000
1023
1046
1069
1092
1115
1138
1161
1184
1207
1230
1253
1276
1299
1322
1345
1368
1391
1414
1437
1460
1483
1506
1529
1552
1575
1598
1621
1644
1667
1690
1713
1736
1759
1782
1805
1828
1851
1874
1897
1920
1943
1966
1989
2012
2035
2058
2081
2104
2127
2150
2173
2196
2219
2242
2265
2288
2311
2334
2357
2380
2403
2426
2449
2472
2495
2518
2541
2564
2587
2610
2633
2656
2679
2702
2725
2748
2771
2794
12
35
58
81
104
127
150
173
196
219
242
265
288
311
334
357
380
403
426
449
472
495
518
541
564
587
610
633
656
679
702
725
748
771
794
817
840
863
886
909
932
955
978
1001
1024
1047
1070
1093
1116
1139
1162
1185
1208
1231
1254
1277
1300
1323
1346
1369
1392
1415
1438
1461
1484
1507
1530
1553
1576
1599
1622
1645
1668
1691
1714
1737
1760
1783
1806
1829
1852
1875
1898
1921
1944
1967
1990
2013
2036
2059
2082
2105
2128
2151
2174
2197
2220
2243
2266
2289
2312
2335
2358
2381
2404
2427
2450
2473
2496
2519
2542
2565
2588
2611
2634
2657
2680
2703
2726
2749
2772
2795
13
36
59
82
105
128
151
174
197
220
243
266
289
312
335
358
381
404
427
450
473
496
519
542
565
588
611
634
657
680
703
726
749
772
795
818
841
864
887
910
933
956
979
1002
1025
1048
1071
1094
1117
1140
1163
1186
1209
1232
1255
1278
1301
1324
1347
1370
1393
1416
1439
1462
1485
1508
1531
1554
1577
1600
1623
1646
1669
1692
1715
1738
1761
1784
1807
1830
1853
1876
1899
1922
1945
1968
1991
2014
2037
2060
2083
2106
2129
2152
2175
2198
2221
2244
2267
2290
2313
2336
2359
2382
2405
2428
2451
2474
2497
2520
2543
2566
2589
2612
2635
2658
2681
2704
2727
2750
2773
2796
14
37
60
83
106
129
152
175
198
221
244
267
290
313
336
359
382
405
428
451
474
497
520
543
566
589
612
635
658
681
704
727
750
773
796
819
842
865
888
911
934
957
980
1003
1026
1049
1072
1095
1118
1141
1164
1187
1210
1233
1256
1279
1302
1325
1348
1371
1394
1417
1440
1463
1486
1509
1532
1555
1578
1601
1624
1647
1670
1693
1716
1739
1762
1785
1808
1831
1854
1877
1900
1923
1946
1969
1992
2015
2038
2061
2084
2107
2130
2153
2176
2199
2222
2245
2268
2291
2314
2337
2360
2383
2406
2429
2452
2475
2498
2521
2544
2567
2590
2613
2636
2659
2682
2705
2728
2751
2774
2797
15
38
61
84
107
130
153
176
199
222
245
268
291
314
337
360
383
406
429
452
475
498
521
544
567
590
613
636
659
682
705
728
751
774
797
820
843
866
889
912
935
958
981
1004
1027
1050
1073
1096
1119
1142
1165
1188
1211
1234
1257
1280
1303
1326
1349
1372
1395
1418
1441
1464
1487
1510
1533
1556
1579
1602
1625
1648
1671
1694
1717
1740
1763
1786
1809
1832
1855
1878
1901
1924
1947
1970
1993
2016
2039
2062
2085
2108
2131
2154
2177
2200
2223
2246
2269
2292
2315
2338
2361
2384
2407
2430
2453
2476
2499
2522
2545
2568
2591
2614
2637
2660
2683
2706
2729
2752
2775
2798
16
39
62
85
108
131
154
177
200
223
246
269
292
315
338
361
384
407
430
453
476
499
522
545
568
591
614
637
660
683
706
729
752
775
798
821
844
867
890
913
936
959
982
1005
1028
1051
1074
1097
1120
1143
1166
1189
1212
1235
1258
1281
1304
1327
1350
1373
1396
1419
1442
1465
1488
1511
1534
1557
1580
1603
1626
1649
1672
1695
1718
1741
1764
1787
1810
1833
1856
1879
1902
1925
1948
1971
1994
2017
2040
2063
2086
2109
2132
2155
2178
2201
2224
2247
2270
2293
2316
2339
2362
2385
2408
2431
2454
2477
2500
2523
2546
2569
2592
2615
2638
2661
2684
2707
2730
2753
2776
2799
17
40
63
86
109
132
155
178
201
224
247
270
293
316
339
362
385
408
431
454
477
500
523
546
569
592
615
638
661
684
707
730
753
776
799
822
845
868
891
914
937
960
983
1006
1029
1052
1075
1098
1121
1144
1167
1190
1213
1236
1259
1282
1305
1328
1351
1374
1397
1420
1443
1466
1489
1512
1535
1558
1581
1604
1627
1650
1673
1696
1719
1742
1765
1788
1811
1834
1857
1880
1903
1926
1949
1972
1995
2018
2041
2064
2087
2110
2133
2156
2179
2202
2225
2248
2271
2294
2317
2340
2363
2386
2409
2432
2455
2478
2501
2524
2547
2570
2593
2616
2639
2662
2685
2708
2731
2754
2777
2800
18
41
64
87
110
133
156
179
202
225
248
271
294
317
340
363
386
409
432
455
478
501
524
547
570
593
616
639
662
685
708
731
754
777
800
823
846
869
892
915
938
961
984
1007
1030
1053
1076
1099
1122
1145
1168
1191
1214
1237
1260
1283
1306
1329
1352
1375
1398
1421
1444
1467
1490
1513
1536
1559
1582
1605
1628
1651
1674
1697
1720
1743
1766
1789
1812
1835
1858
1881
1904
1927
1950
1973
1996
2019
2042
2065
2088
2111
2134
2157
2180
2203
2226
2249
2272
2295
2318
2341
2364
2387
2410
2433
2456
2479
2502
2525
2548
2571
2594
2617
2640
2663
2686
2709
2732
2755
2778
2801
19
42
65
88
111
134
157
180
203
226
249
272
295
318
341
364
387
410
433
456
479
502
525
548
571
594
617
640
663
686
709
732
755
778
801
824
847
870
893
916
939
962
985
1008
1031
1054
1077
1100
1123
1146
1169
1192
1215
1238
1261
1284
1307
1330
1353
1376
1399
1422
1445
1468
1491
1514
1537
1560
1583
1606
1629
1652
1675
1698
1721
1744
1767
1790
1813
1836
1859
1882
1905
1928
1951
1974
1997
2020
2043
2066
2089
2112
2135
2158
2181
2204
2227
2250
2273
2296
2319
2342
2365
2388
2411
2434
2457
2480
2503
2526
2549
2572
2595
2618
2641
2664
2687
2710
2733
2756
2779
2802
20
43
66
89
112
135
158
181
204
227
250
273
296
319
342
365
388
411
434
457
480
503
526
549
572
595
618
641
664
687
710
733
756
779
802
825
848
871
894
917
940
963
986
1009
1032
1055
1078
1101
1124
1147
1170
1193
1216
1239
1262
1285
1308
1331
1354
1377
1400
1423
1446
1469
1492
1515
1538
1561
1584
1607
1630
1653
1676
1699
1722
1745
1768
1791
1814
1837
1860
1883
1906
1929
1952
1975
1998
2021
2044
2067
2090
2113
2136
2159
2182
2205
2228
2251
2274
2297
2320
2343
2366
2389
2412
2435
2458
2481
2504
2527
2550
2573
2596
2619
2642
2665
2688
2711
2734
2757
2780
2803
21
44
67
90
113
136
159
182
205
228
251
274
297
320
343
366
389
412
435
458
481
504
527
550
573
596
619
642
665
688
711
734
757
780
803
826
849
872
895
918
941
964
987
1010
1033
1056
1079
1102
1125
1148
1171
1194
1217
1240
1263
1286
1309
1332
1355
1378
1401
1424
1447
1470
1493
1516
1539
1562
1585
1608
1631
1654
1677
1700
1723
1746
1769
1792
1815
1838
1861
1884
1907
1930
1953
1976
1999
2022
2045
2068
2091
2114
2137
2160
2183
2206
2229
2252
2275
2298
2321
2344
2367
2390
2413
2436
2459
2482
2505
2528
2551
2574
2597
2620
2643
2666
2689
2712
2735
2758
2781
2804
22
45
68
91
114
137
160
183
206
229
252
275
298
321
344
367
390
413
436
459
482
505
528
551
574
597
620
643
666
689
712
735
758
781
804
827
850
873
896
919
942
965
988
1011
1034
1057
1080
1103
1126
1149
1172
1195
1218
1241
1264
1287
1310
1333
1356
1379
1402
1425
1448
1471
1494
1517
1540
1563
1586
1609
1632
1655
1678
1701
1724
1747
1770
1793
1816
1839
1862
1885
1908
1931
1954
1977
2000
2023
2046
2069
2092
2115
2138
2161
2184
2207
2230
2253
2276
2299
2322
2345
2368
2391
2414
2437
2460
2483
2506
2529
2552
2575
2598
2621
2644
2667
2690
2713
2736
2759
2782
2805
0
23
46
69
92
115
138
161
184
207
230
253
276
299
322
345
368
391
414
437
460
483
506
529
552
575
598
621
644
667
690
713
736
759
782
805
828
851
874
897
920
943
966
989
1012
1035
1058
1081
1104
1127
1150
1173
1196
1219
1242
1265
1288
1311
1334
1357
1380
1403
1426
1449
1472
1495
1518
1541
1564
1587
1610
1633
1656
1679
1702
1725
1748
1771
1794
1817
1840
1863
1886
1909
1932
1955
1978
2001
2024
2047
2070
2093
2116
2139
2162
2185
2208
2231
2254
2277
2300
2323
2346
2369
2392
2415
2438
2461
2484
2507
2530
2553
2576
2599
2622
2645
2668
2691
2714
2737
2760
2783
1
24
47
70
93
116
139
162
185
208
231
254
277
300
323
346
369
392
415
438
461
484
507
530
553
576
599
622
645
668
691
714
737
760
783
806
829
852
875
898
921
944
967
990
1013
1036
1059
1082
1105
1128
1151
1174
1197
1220
1243
1266
1289
1312
1335
1358
1381
1404
1427
1450
1473
1496
1519
1542
1565
1588
1611
1634
1657
1680
1703
1726
1749
1772
1795
1818
1841
1864
1887
1910
1933
1956
1979
2002
2025
2048
2071
2094
2117
2140
2163
2186
2209
2232
2255
2278
2301
2324
2347
2370
2393
2416
2439
2462
2485
2508
2531
2554
2577
2600
2623
2646
2669
2692
2715
2738
2761
2784
2
25
48
71
94
117
140
163
186
209
232
255
278
301
324
347
370
393
416
439
462
485
508
531
554
577
600
623
646
669
692
715
738
761
784
807
830
853
876
899
922
945
968
991
1014
1037
1060
1083
1106
1129
1152
1175
1198
1221
1244
1267
1290
1313
1336
1359
1382
1405
1428
1451
1474
1497
1520
1543
1566
1589
1612
1635
1658
1681
1704
1727
1750
1773
1796
1819
1842
1865
1888
1911
1934
1957
1980
2003
2026
2049
2072
2095
2118
2141
2164
2187
2210
2233
2256
2279
2302
2325
2348
2371
2394
2417
2440
2463
2486
2509
2532
2555
2578
2601
2624
2647
2670
2693
2716
2739
2762
2785
3
26
49
72
95
118
141
164
187
210
233
256
279
302
325
348
371
394
417
440
463
486
509
532
555
578
601
624
647
670
693
716
739
762
785
808
831
854
877
900
923
946
969
992
1015
1038
1061
1084
1107
1130
1153
1176
1199
1222
1245
1268
1291
1314
1337
1360
1383
1406
1429
1452
1475
1498
1521
1544
1567
1590
1613
1636
1659
1682
1705
1728
1751
1774
1797
1820
1843
1866
1889
1912
1935
1958
1981
2004
2027
2050
2073
2096
2119
2142
2165
2188
2211
2234
2257
2280
2303
2326
2349
2372
2395
2418
2441
2464
2487
2510
2533
2556
2579
2602
2625
2648
2671
2694
2717
2740
2763
2786
4
27
50
73
96
119
142
165
188
211
234
257
280
303
326
349
372
395
418
441
464
487
510
533
556
579
602
625
648
671
694
717
740
763
786
809
832
855
878
901
924
947
970
993
1016
1039
1062
1085
1108
1131
1154
1177
1200
1223
1246
1269
1292
1315
1338
1361
1384
1407
1430
1453
1476
1499
1522
1545
1568
1591
1614
1637
1660
1683
1706
1729
1752
1775
1798
1821
1844
1867
1890
1913
1936
1959
1982
2005
2028
2051
2074
2097
2120
2143
2166
2189
2212
2235
2258
2281
2304
2327
2350
2373
2396
2419
2442
2465
2488
2511
2534
2557
2580
2603
2626
2649
2672
2695
2718
2741
2764
2787
5
28
51
74
97
120
143
166
189
212
235
258
281
304
327
350
373
396
419
442
465
488
511
534
557
580
603
626
649
672
695
718
741
764
787
810
833
856
879
902
925
948
971
994
1017
1040
1063
1086
1109
1132
1155
1178
1201
1224
1247
1270
1293
1316
1339
1362
1385
1408
1431
1454
1477
1500
1523
1546
1569
1592
1615
1638
1661
1684
1707
1730
1753
1776
1799
1822
1845
1868
1891
1914
1937
1960
1983
2006
2029
2052
2075
2098
2121
2144
2167
2190
2213
2236
2259
2282
2305
2328
2351
2374
2397
2420
2443
2466
2489
2512
2535
2558
2581
2604
2627
2650
2673
2696
2719
2742
2765
2788
6
29
52
75
98
121
144
167
190
213
236
259
282
305
328
351
374
397
420
443
466
489
512
535
558
581
604
627
650
673
696
719
742
765
788
811
834
857
880
903
926
949
972
995
1018
1041
1064
1087
1110
1133
1156
1179
1202
1225
1248
1271
1294
1317
1340
1363
1386
1409
1432
1455
1478
1501
1524
1547
1570
1593
1616
1639
1662
1685
1708
1731
1754
1777
1800
1823
1846
1869
1892
1915
1938
1961
1984
2007
2030
2053
2076
2099
2122
2145
2168
2191
2214
2237
2260
2283
2306
2329
2352
2375
2398
2421
2444
2467
2490
2513
2536
2559
2582
2605
2628
2651
2674
2697
2720
2743
2766
2789
7
30
53
76
99
122
145
168
191
214
237
260
283
306
329
352
375
398
421
444
467
490
513
536
559
582
605
628
651
674
697
720
743
766
789
812
835
858
881
904
927
950
973
996
1019
1042
1065
1088
1111
1134
1157
1180
1203
1226
1249
1272
1295
1318
1341
1364
1387
1410
1433
1456
1479
1502
1525
1548
1571
1594
1617
1640
1663
1686
1709
1732
1755
1778
1801
1824
1847
1870
1893
1916
1939
1962
1985
2008
2031
2054
2077
2100
2123
2146
2169
2192
2215
2238
2261
2284
2307
2330
2353
2376
2399
2422
2445
2468
2491
2514
2537
2560
2583
2606
2629
2652
2675
2698
2721
2744
2767
2790
8
31
54
77
100
123
146
169
192
215
238
261
284
307
330
353
376
399
422
445
468
491
514
537
560
583
606
629
652
675
698
721
744
767
790
813
836
859
882
905
928
951
974
997
1020
1043
1066
1089
1112
1135
1158
1181
1204
1227
1250
1273
1296
1319
1342
1365
1388
1411
1434
1457
1480
1503
1526
1549
1572
1595
1618
1641
1664
1687
1710
1733
1756
1779
1802
1825
1848
1871
1894
1917
1940
1963
1986
2009
2032
2055
2078
2101
2124
2147
2170
2193
2216
2239
2262
2285
2308
2331
2354
2377
2400
2423
2446
2469
2492
2515
2538
2561
2584
2607
2630
2653
2676
2699
2722
2745
2768
2791
9
32
55
78
101
124
147
170
193
216
239
262
285
308
331
354
377
400
423
446
469
492
515
538
561
584
607
630
653
676
699
722
745
768
791
814
837
860
883
906
929
952
975
998
1021
1044
1067
1090
1113
1136
1159
1182
1205
1228
1251
1274
1297
1320
1343
1366
1389
1412
1435
1458
1481
1504
1527
1550
1573
1596
1619
1642
1665
1688
1711
1734
1757
1780
1803
1826
1849
1872
1895
1918
1941
1964
1987
2010
2033
2056
2079
2102
2125
2148
2171
2194
2217
2240
2263
2286
2309
2332
2355
2378
2401
2424
2447
2470
2493
2516
2539
2562
2585
2608
2631
2654
2677
2700
2723
2746
2769
2792
10
33
56
79
102
125
148
171
194
217
240
263
286
309
332
355
378
401
424
447
470
493
516
539
562
585
608
631
654
677
700
723
746
769
792
815
838
861
884
907
930
953
976
999
1022
1045
1068
1091
1114
1137
1160
1183
1206
1229
1252
1275
1298
1321
1344
1367
1390
1413
1436
1459
1482
1505
1528
1551
1574
1597
1620
1643
1666
1689
1712
1735
1758
1781
1804
1827
1850
1873
1896
1919
1942
1965
1988
2011
2034
2057
2080
2103
2126
2149
2172
2195
2218
2241
2264
2287
2310
2333
2356
2379
2402
2425
2448
2471
2494
2517
2540
2563
2586
2609
2632
2655
2678
2701
2724
2747
2770
2793
11
34
57
80
103
126
149
172
195
218
241
264
287
310
333
356
379
402
425
448
471
494
517
540
563
586
609
632
655
678
701
724
747
770
793
816
839
862
885
908
931
954
977
1000
1023
1046
1069
1092
1115
1138
1161
1184
1207
1230
1253
1276
1299
1322
1345
1368
1391
1414
1437
1460
1483
1506
1529
1552
1575
1598
1621
1644
1667
1690
1713
1736
1759
1782
1805
1828
1851
1874
1897
1920
1943
1966
1989
2012
2035
2058
2081
2104
2127
2150
2173
2196
2219
2242
2265
2288
2311
2334
2357
2380
2403
2426
2449
2472
2495
2518
2541
2564
2587
2610
2633
2656
2679
2702
2725
2748
2771
2794
12
35
58
81
104
127
150
173
196
219
242
265
288
311
334
357
380
403
426
449
472
495
518
541
564
587
610
633
656
679
702
725
748
771
794
817
840
863
886
909
932
955
978
1001
1024
1047
1070
1093
1116
1139
1162
1185
1208
1231
1254
1277
1300
1323
1346
1369
1392
1415
1438
1461
1484
1507
1530
1553
1576
1599
1622
1645
1668
1691
1714
1737
1760
1783
1806
1829
1852
1875
1898
1921
1944
1967
1990
2013
2036
2059
2082
2105
2128
2151
2174
2197
2220
2243
2266
2289
2312
2335
2358
2381
2404
2427
2450
2473
2496
2519
2542
2565
2588
2611
2634
2657
2680
2703
2726
2749
2772
2795
13
36
59
82
105
128
151
174
197
220
243
266
289
312
335
358
381
404
427
450
473
496
519
542
565
588
611
634
657
680
703
726
749
772
795
818
841
864
887
910
933
956
979
1002
1025
1048
1071
1094
1117
1140
1163
1186
1209
1232
1255
1278
1301
1324
1347
1370
1393
1416
1439
1462
1485
1508
1531
1554
1577
1600
1623
1646
1669
1692
1715
1738
1761
1784
1807
1830
1853
1876
1899
1922
1945
1968
1991
2014
2037
2060
2083
2106
2129
2152
2175
2198
2221
2244
2267
2290
2313
2336
2359
2382
2405
2428
2451
2474
2497
2520
2543
2566
2589
2612
2635
2658
2681
2704
2727
2750
2773
2796
14
37
60
83
106
129
152
175
198
221
244
267
290
313
336
359
382
405
428
451
474
497
520
543
566
589
612
635
658
681
704
727
750
773
796
819
842
865
888
911
934
957
980
1003
1026
1049
1072
1095
1118
1141
1164
1187
1210
1233
1256
1279
1302
1325
1348
1371
1394
1417
1440
1463
1486
1509
1532
1555
1578
1601
1624
1647
1670
1693
1716
1739
1762
1785
1808
1831
1854
1877
1900
1923
1946
1969
1992
2015
2038
2061
2084
2107
2130
2153
2176
2199
2222
2245
2268
2291
2314
2337
2360
2383
2406
2429
2452
2475
2498
2521
2544
2567
2590
2613
2636
2659
2682
2705
2728
2751
2774
2797
15
38
61
84
107
130
153
176
199
222
245
268
291
314
337
360
383
406
429
452
475
498
521
544
567
590
613
636
659
682
705
728
751
774
797
820
843
866
889
912
935
958
981
1004
1027
1050
1073
1096
1119
1142
1165
1188
1211
1234
1257
1280
1303
1326
1349
1372
1395
1418
1441
1464
1487
1510
1533
1556
1579
1602
1625
1648
1671
1694
1717
1740
1763
1786
1809
1832
1855
1878
1901
1924
1947
1970
1993
2016
2039
2062
2085
2108
2131
2154
2177
2200
2223
2246
2269
2292
2315
2338
2361
2384
2407
2430
2453
2476
2499
2522
2545
2568
2591
2614
2637
2660
2683
2706
2729
2752
2775
2798
16
39
62
85
108
131
154
177
200
223
246
269
292
315
338
361
384
407
430
453
476
499
522
545
568
591
614
637
660
683
706
729
752
775
798
821
844
867
890
913
936
959
982
1005
1028
1051
1074
1097
1120
1143
1166
1189
1212
1235
1258
1281
1304
1327
1350
1373
1396
1419
1442
1465
1488
1511
1534
1557
1580
1603
1626
1649
1672
1695
1718
1741
1764
1787
1810
1833
1856
1879
1902
1925
1948
1971
1994
2017
2040
2063
2086
2109
2132
2155
2178
2201
2224
2247
2270
2293
2316
2339
2362
2385
2408
2431
2454
2477
2500
2523
2546
2569
2592
2615
2638
2661
2684
2707
2730
2753
2776
2799
17
40
63
86
109
132
155
178
201
224
247
270
293
316
339
362
385
408
431
454
477
500
523
546
569
592
615
638
661
684
707
730
753
776
799
822
845
868
891
914
937
960
983
1006
1029
1052
1075
1098
1121
1144
1167
1190
1213
1236
1259
1282
1305
1328
1351
1374
1397
1420
1443
1466
1489
1512
1535
1558
1581
1604
1627
1650
1673
1696
1719
1742
1765
1788
1811
1834
1857
1880
1903
1926
1949
1972
1995
2018
2041
2064
2087
2110
2133
2156
2179
2202
2225
2248
2271
2294
2317
2340
2363
2386
2409
2432
2455
2478
2501
2524
2547
2570
2593
2616
2639
2662
2685
2708
2731
2754
2777
2800
18
41
64
87
110
133
156
179
202
225
248
271
294
317
340
363
386
409
432
455
478
501
524
547
570
593
616
639
662
685
708
731
754
777
800
823
846
869
892
915
938
961
984
1007
1030
1053
1076
1099
1122
1145
1168
1191
1214
1237
1260
1283
1306
1329
1352
1375
1398
1421
1444
1467
1490
1513
1536
1559
1582
1605
1628
1651
1674
1697
1720
1743
1766
1789
1812
1835
1858
1881
1904
1927
1950
1973
1996
2019
2042
2065
2088
2111
2134
2157
2180
2203
2226
2249
2272
2295
2318
2341
2364
2387
2410
2433
2456
2479
2502
2525
2548
2571
2594
2617
2640
2663
2686
2709
2732
2755
2778
2801
19
42
65
88
111
134
157
180
203
226
249
272
295
318
341
364
387
410
433
456
479
502
525
548
571
594
617
640
663
686
709
732
755
778
801
824
847
870
893
916
939
962
985
1008
1031
1054
1077
1100
1123
1146
1169
1192
1215
1238
1261
1284
1307
1330
1353
1376
1399
1422
1445
1468
1491
1514
1537
1560
1583
1606
1629
1652
1675
1698
1721
1744
1767
1790
1813
1836
1859
1882
1905
1928
1951
1974
1997
2020
2043
2066
2089
2112
2135
2158
2181
2204
2227
2250
2273
2296
2319
2342
2365
2388
2411
2434
2457
2480
2503
2526
2549
2572
2595
2618
2641
2664
2687
2710
2733
2756
2779
2802
20
43
66
89
112
135
158
181
204
227
250
273
296
319
342
365
388
411
434
457
480
503
526
549
572
595
618
641
664
687
710
733
756
779
802
825
848
871
894
917
940
963
986
1009
1032
1055
1078
1101
1124
1147
1170
1193
1216
1239
1262
1285
1308
1331
1354
1377
1400
1423
1446
1469
1492
1515
1538
1561
1584
1607
1630
1653
1676
1699
1722
1745
1768
1791
1814
1837
1860
1883
1906
1929
1952
1975
1998
2021
2044
2067
2090
2113
2136
2159
2182
2205
2228
2251
2274
2297
2320
2343
2366
2389
2412
2435
2458
2481
2504
2527
2550
2573
2596
2619
2642
2665
2688
2711
2734
2757
2780
2803
21
44
67
90
113
136
159
182
205
228
251
274
297
320
343
366
389
412
435
458
481
504
527
550
573
596
619
642
665
688
711
734
757
780
803
826
849
872
895
918
941
964
987
1010
1033
1056
1079
1102
1125
1148
1171
1194
1217
1240
1263
1286
1309
1332
1355
1378
1401
1424
1447
1470
1493
1516
1539
1562
1585
1608
1631
1654
1677
1700
1723
1746
1769
1792
1815
1838
1861
1884
1907
1930
1953
1976
1999
2022
2045
2068
2091
2114
2137
2160
2183
2206
2229
2252
2275
2298
2321
2344
2367
2390
2413
2436
2459
2482
2505
2528
2551
2574
2597
2620
2643
2666
2689
2712
2735
2758
2781
2804
22
45
68
91
114
137
160
183
206
229
252
275
298
321
344
367
390
413
436
459
482
505
528
551
574
597
620
643
666
689
712
735
758
781
804
827
850
873
896
919
942
965
988
1011
1034
1057
1080
1103
1126
1149
1172
1195
1218
1241
1264
1287
1310
1333
1356
1379
1402
1425
1448
1471
1494
1517
1540
1563
1586
1609
1632
1655
1678
1701
1724
1747
1770
1793
1816
1839
1862
1885
1908
1931
1954
1977
2000
2023
2046
2069
2092
2115
2138
2161
2184
2207
2230
2253
2276
2299
2322
2345
2368
2391
2414
2437
2460
2483
2506
2529
2552
2575
2598
2621
2644
2667
2690
2713
2736
2759
2782
2805
)


// ************************************************************************* //
